1110101011110100111001010100100001110000001001000001011010010101
1001011000011010011101001011010010110110001010010110001001011011
0101011001010001111010010001100101101100010100010100100011001001
0110001111110101010110100011110100110111011010100011101101010100
1010100010101111000101100011010001111100101000011100111000010100
1101101101100000101101100101001101110111001000110100111011001110
0011001001001001010110010111000010010100101110100001110101011001
0100011000001011101110101010000011010101010000010000000010001010
1100010001110100100001111011110001001011110100001110101111010101
0000111011001011001110011110011001100101001101101111010110010111
0100001100001010100011011011010000101010101111011100110000100000
0101101100100011011001001110100101101000111100111010101100100111
